# Real A2 front camera intrinsics — pinhole, radtan (plumb_bob) distortion.
# Calibrated at 1280x720 (charuco DICT_4X4_50, RMS reproj err 0.184 px),
# scaled by 0.5 to 640x360 (fx/fy/cx/cy * 0.5; distortion coeffs are
# scale-invariant and unchanged).
# Loaded by gscam2 via a2_pc2 camera.launch.py / pc2.launch.py and published
# on /camera/camera_info.
#
# distortion_model: plumb_bob is ROS's radtan model — coefficients [k1,k2,p1,p2,k3].
image_width: 640
image_height: 360
camera_name: camera
camera_matrix:
  rows: 3
  cols: 3
  data: [266.543966,   0.0     , 326.057968,
           0.0     , 266.893404, 185.672026,
           0.0     ,   0.0     ,   1.0     ]
distortion_model: plumb_bob
distortion_coefficients:
  rows: 1
  cols: 5
  data: [-0.273695123651602, 0.11103174769536642, 0.00024136639378134617, 0.0007792616896426374, -0.026617139371608662]   # [k1, k2, p1, p2, k3]
rectification_matrix:
  rows: 3
  cols: 3
  data: [1.0, 0.0, 0.0,
         0.0, 1.0, 0.0,
         0.0, 0.0, 1.0]
projection_matrix:
  rows: 3
  cols: 4
  data: [266.543966,   0.0     , 326.057968,   0.0     ,
           0.0     , 266.893404, 185.672026,   0.0     ,
           0.0     ,   0.0     ,   1.0     ,   0.0     ]
